0.000000000000000000e+00
1.000000000000000000e+00
1.189207115002721027e+00
1.000000000000000000e+00
1.767352858360256296e-01
2.680323314352718311e-01
3.530284558536718187e-01
4.396057058196652934e-01
5.314738832790473211e-01
6.312204019747194028e-01
7.410845530274466908e-01
8.632517415422328311e-01
1.000243822759450341e+00
1.001287804402291703e+00
1.003860687596774603e+00
1.009208714237985749e+00
1.019376087995922386e+00
1.037523141329389942e+00
1.068124028939089420e+00
1.116748872671649018e+00
1.116748873070262826e+00
1.068124029140657072e+00
1.037523141434592899e+00
1.019376088046330064e+00
1.009208714259856698e+00
1.003860687605042434e+00
1.001287804405124104e+00
1.000243822759863566e+00
8.632517424052241761e-01
7.410845536309539350e-01
6.312204024418937021e-01
5.314738836347220330e-01
4.396057060842825659e-01
3.530284560437755847e-01
2.680323315829364339e-01
1.767352859109235508e-01
1.415191093926055110e+01
1.695971383470152816e+01
3.493977792845892605e-01
-2.230162477205709592e+01
-1.260010482814369226e+01
-9.282185331722883070e-01
4.966373952234142131e+00
4.508687674394529665e+00
1.498072439627633479e+01
1.875091000359783422e+01
4.838806854188720807e-01
-2.751544392688184715e+01
-1.319119289931278871e+01
2.548817826763842831e-01
5.831749779244708165e+00
4.966373717284432665e+00
-1.518985090025448681e+00
-5.147558799452356393e-02
2.257999891668957648e+00
-5.751844571008257745e+00
5.419979442750335608e+00
4.998201848047359341e+00
2.548809907519533624e-01
-9.282192642150770556e-01
-2.141567640841550713e+01
-2.461507299257782222e+01
4.067310018949704009e+00
2.358485437946994523e+01
2.663292451009972339e+01
5.419979074280466769e+00
-1.319119377160058804e+01
-1.260010552438331111e+01
-2.187212026963970857e+01
-3.076172324801363445e+01
1.265982660389131098e+00
2.775952806862965971e+01
2.358485484877291682e+01
-5.751843829911600814e+00
-2.751544318477635898e+01
-2.230162430562475251e+01
5.552217381194115120e+00
-8.677729340833254312e+00
-6.117231148629828752e+00
1.265982581787217676e+00
4.067309889389250088e+00
2.257999629182620094e+00
4.838803542457186246e-01
3.493975572564064214e-01
4.064406604768651476e+01
2.553045621944033527e+01
-8.677729338323779018e+00
-3.076172321765869810e+01
-2.461507293434449650e+01
-5.147552563638901901e-02
1.875091005675920997e+01
1.695971386706526474e+01
4.691376688251607874e+01
4.064406597957314204e+01
5.552217297018718689e+00
-2.187212030949800834e+01
-2.141567640431178532e+01
-1.518985081223900302e+00
1.498072438619971969e+01
1.415191092472315226e+01
